600000 600036 4284
600036 600000 4284
600000 601318 819
601318 600000 819
600000 601988 939
601988 600000 939
600000 000001 2179
000001 600000 2179
600036 601318 50192
601318 600036 50192
600036 601988 3683
601988 600036 3683
600036 000001 14188
000001 600036 14188
601318 601988 2113
601988 601318 2113
601318 000001 15654
000001 601318 15654
601988 000001 1430
000001 601988 1430
600016 600066 53
600066 600016 53
600016 000001 3912
000001 600016 3912
600016 000063 207
000063 600016 207
600066 000001 28
000001 600066 28
600066 000063 42
000063 600066 42
000001 000063 442
000063 000001 442
601166 601211 216
601211 601166 216
601166 000001 10362
000001 601166 10362
601166 000768 6
000768 601166 6
601211 000001 237
000001 601211 237
601211 000768 17
000768 601211 17
000001 000768 27
000768 000001 27
600016 601166 9264
601166 600016 9264
600886 000001 1191
000001 600886 1191
601088 601766 310
601766 601088 310
601088 601998 62
601998 601088 62
601088 000001 278
000001 601088 278
601766 601998 28
601998 601766 28
601766 000001 116
000001 601766 116
601998 000001 1648
000001 601998 1648
600036 601939 12288
601939 600036 12288
601939 000001 3631
000001 601939 3631
600016 600029 36
600029 600016 36
600016 600036 9613
600036 600016 9613
600016 600900 375
600900 600016 375
600029 600036 152
600036 600029 152
600029 600900 18
600900 600029 18
600029 000001 63
000001 600029 63
600036 600900 1926
600900 600036 1926
600900 000001 262
000001 600900 262
601318 601336 14229
601336 601318 14229
601318 601628 10863
601628 601318 10863
601336 601628 7091
601628 601336 7091
601336 000001 863
000001 601336 863
601628 000001 523
000001 601628 523
601601 000001 991
000001 601601 991
600016 000157 137
000157 600016 137
000001 000157 14
000157 000001 14
600016 601398 1662
601398 600016 1662
600016 601939 2166
601939 600016 2166
601398 601939 13306
601939 601398 13306
600036 601166 25753
601166 600036 25753
601166 601318 12537
601318 601166 12537
600886 601166 1062
601166 600886 1062
600886 000423 138
000423 600886 138
601166 000423 1053
000423 601166 1053
000001 000423 524
000423 000001 524
600016 000338 45
000338 600016 45
600016 000709 19
000709 600016 19
601166 000338 248
000338 601166 248
601166 000709 12
000709 601166 12
000001 000338 151
000338 000001 151
000001 000709 13
000709 000001 13
000338 000709 5
000709 000338 5
601318 601888 2720
601888 601318 2720
601888 000001 125
000001 601888 125
600036 601998 1922
601998 600036 1922
601166 601998 1096
601998 601166 1096
601318 601998 525
601998 601318 525
000001 002456 18
002456 000001 18
600036 000063 843
000063 600036 843
601318 000063 4808
000063 601318 4808
600438 601318 103
601318 600438 103
600438 000001 14
000001 600438 14
601166 000961 461
000961 601166 461
601318 000961 605
000961 601318 605
000001 000961 189
000961 000001 189
600004 600583 8
600583 600004 8
600004 600886 191
600886 600004 191
600004 601166 192
601166 600004 192
600004 000001 174
000001 600004 174
600583 600886 8
600886 600583 8
600583 601166 21
601166 600583 21
600583 000001 46
000001 600583 46
600886 002310 50
002310 600886 50
600886 300072 154
300072 600886 154
000001 002310 124
002310 000001 124
000001 300072 435
300072 000001 435
002310 300072 2517
300072 002310 2517
600036 601288 6970
601288 600036 6970
601288 000001 2350
000001 601288 2350
601225 601899 497
601899 601225 497
601225 000001 612
000001 601225 612
601899 000001 65
000001 601899 65
600048 000001 1119
000001 600048 1119
600048 000671 4508
000671 600048 4508
000001 000671 154
000671 000001 154
600050 000001 213
000001 600050 213
600016 601318 3243
601318 600016 3243
600036 600048 1791
600048 600036 1791
600036 601601 1216
601601 600036 1216
600048 601318 4602
601318 600048 4602
600048 601601 441
601601 600048 441
601318 601601 14890
601601 601318 14890
000001 002236 68
002236 000001 68
600196 600535 684
600535 600196 684
600196 000001 301
000001 600196 301
600535 000001 29
000001 600535 29
600346 600383 25
600383 600346 25
600346 000001 13
000001 600346 13
600346 000671 40
000671 600346 40
600346 000703 1290
000703 600346 1290
600383 000001 172
000001 600383 172
600383 000671 1015
000671 600383 1015
600383 000703 89
000703 600383 89
000001 000703 37
000703 000001 37
000671 000703 22
000703 000671 22
601318 300251 501
300251 601318 501
000001 300251 104
300251 000001 104
600886 601668 302
601668 600886 302
601166 601668 1822
601668 601166 1822
600028 601688 95
601688 600028 95
600028 000001 242
000001 600028 242
601688 000001 288
000001 601688 288
601318 601398 7621
601398 601318 7621
601398 000001 2221
000001 601398 2221
600016 601601 480
601601 600016 480
601318 601766 523
601766 601318 523
600028 600383 176
600383 600028 176
600025 601166 15
601166 600025 15
600025 000001 28
000001 600025 28
601318 601688 1600
601688 601318 1600
600048 600383 3269
600383 600048 3269
600048 002236 60
002236 600048 60
600383 601318 414
601318 600383 414
600383 002236 14
002236 600383 14
601318 002236 405
002236 601318 405
601318 000651 70592
000651 601318 70592
000001 000651 2629
000651 000001 2629
600036 600886 206
600886 600036 206
600176 600585 1133
600585 600176 1133
600176 000001 51
000001 600176 51
600585 000001 284
000001 600585 284
600016 600031 295
600031 600016 295
600016 600887 263
600887 600016 263
600031 600036 231
600036 600031 231
600031 600887 84
600887 600031 84
600031 000001 139
000001 600031 139
600036 600887 1738
600887 600036 1738
600887 000001 535
000001 600887 535
600036 300033 479
300033 600036 479
600036 300059 1596
300059 600036 1596
601318 300033 1458
300033 601318 1458
601318 300059 5136
300059 601318 5136
000001 300033 162
300033 000001 162
000001 300059 494
300059 000001 494
300033 300059 7813
300059 300033 7813
601668 000001 711
000001 601668 711
600031 000776 22
000776 600031 22
600031 002714 60
002714 600031 60
600036 000776 293
000776 600036 293
600036 002714 107
002714 600036 107
000001 000776 386
000776 000001 386
000001 002714 108
002714 000001 108
000776 002714 52
002714 000776 52
601939 601988 5691
601988 601939 5691
601939 601998 1074
601998 601939 1074
601939 002594 298
002594 601939 298
601988 601998 948
601998 601988 948
601988 002594 243
002594 601988 243
601998 002594 68
002594 601998 68
000001 002594 292
002594 000001 292
600036 600606 57
600606 600036 57
600606 601318 275
601318 600606 275
600606 000001 92
000001 600606 92
600036 601398 8813
601398 600036 8813
601318 000166 265
000166 601318 265
000001 000166 134
000166 000001 134
601318 601633 909
601633 601318 909
601633 000001 61
000001 601633 61
601633 000651 949
000651 601633 949
601633 002236 16
002236 601633 16
000651 002236 518
002236 000651 518
600028 000703 376
000703 600028 376
600886 601607 65
601607 600886 65
600886 000625 95
000625 600886 95
601607 000001 70
000001 601607 70
601607 000625 32
000625 601607 32
000001 000625 161
000625 000001 161
600016 600438 13
600438 600016 13
600004 600036 295
600036 600004 295
600004 600741 50
600741 600004 50
600004 601318 1575
601318 600004 1575
600036 600741 94
600741 600036 94
600741 601318 385
601318 600741 385
600741 000001 78
000001 600741 78
601166 601398 2527
601398 601166 2527
601166 601939 4248
601939 601166 4248
600340 601155 5507
601155 600340 5507
600340 601318 6047
601318 600340 6047
600340 000001 541
000001 600340 541
600340 000651 2855
000651 600340 2855
601155 601318 4188
601318 601155 4188
601155 000001 436
000001 601155 436
601155 000651 3075
000651 601155 3075
600926 601668 14
601668 600926 14
600926 000001 118
000001 600926 118
600025 600036 32
600036 600025 32
601318 000333 12349
000333 601318 12349
000001 000333 766
000333 000001 766
600016 000961 260
000961 600016 260
600196 600887 999
600887 600196 999
600196 601318 3754
601318 600196 3754
600887 601318 7030
601318 600887 7030
000001 002415 482
002415 000001 482
601318 002050 110
002050 601318 110
000001 002050 28
002050 000001 28
000333 002050 229
002050 000333 229
600030 600585 471
600585 600030 471
600030 601318 8921
601318 600030 8921
600030 603160 21
603160 600030 21
600030 000001 1506
000001 600030 1506
600585 601318 5078
601318 600585 5078
600585 603160 26
603160 600585 26
601318 603160 90
603160 601318 90
603160 000001 9
000001 603160 9
600276 600519 12081
600519 600276 12081
600276 601318 11389
601318 600276 11389
600276 000001 351
000001 600276 351
600519 601318 55716
601318 600519 55716
600519 000001 2763
000001 600519 2763
600036 000895 540
000895 600036 540
601318 000895 1120
000895 601318 1120
000001 000895 142
000895 000001 142
600519 601166 2953
601166 600519 2953
600519 000651 42787
000651 600519 42787
601166 000651 5951
000651 601166 5951
600015 000001 673
000001 600015 673
600048 601766 187
601766 600048 187
002236 002415 4113
002415 002236 4113
601336 601398 551
601398 601336 551
600036 600487 199
600487 600036 199
600036 601688 617
601688 600036 617
600036 002008 370
002008 600036 370
600487 601688 99
601688 600487 99
600487 000001 168
000001 600487 168
600487 002008 782
002008 600487 782
601688 002008 43
002008 601688 43
000001 002008 170
002008 000001 170
600276 000333 3175
000333 600276 3175
600276 002415 2932
002415 600276 2932
601318 002415 5618
002415 601318 5618
000333 002415 3340
002415 000333 3340
600048 601088 555
601088 600048 555
601088 601318 2131
601318 601088 2131
600188 600383 131
600383 600188 131
600188 000001 144
000001 600188 144
600188 000703 130
000703 600188 130
601336 601601 10036
601601 601336 10036
601601 601628 6159
601628 601601 6159
601318 601939 7737
601939 601318 7737
600276 600585 610
600585 600276 610
600276 000651 8738
000651 600276 8738
600585 000651 3005
000651 600585 3005
600025 600029 3
600029 600025 3
600025 000063 30
000063 600025 30
600025 000725 29
000725 600025 29
600029 000063 161
000063 600029 161
600029 000725 101
000725 600029 101
000001 000725 250
000725 000001 250
000063 000725 1604
000725 000063 1604
601009 000001 1104
000001 601009 1104
600028 601318 2060
601318 600028 2060
601318 601857 2351
601857 601318 2351
601857 000001 175
000001 601857 175
600036 600660 706
600660 600036 706
600036 002142 3265
002142 600036 3265
600660 000001 221
000001 600660 221
600660 002142 93
002142 600660 93
000001 002142 1353
002142 000001 1353
600036 601336 838
601336 600036 838
600516 601318 2562
601318 600516 2562
600516 601601 25
601601 600516 25
600516 000001 113
000001 600516 113
600016 000651 2125
000651 600016 2125
600036 000651 18048
000651 600036 18048
000001 002252 30
002252 000001 30
000063 000703 38
000703 000063 38
000063 002252 135
002252 000063 135
000063 002415 1600
002415 000063 1600
000703 002252 17
002252 000703 17
000703 002415 31
002415 000703 31
002252 002415 59
002415 002252 59
601818 601988 685
601988 601818 685
601818 000001 770
000001 601818 770
600048 600606 2546
600606 600048 2546
600048 601398 793
601398 600048 793
600048 601998 133
601998 600048 133
600606 601398 98
601398 600606 98
600606 601998 59
601998 600606 59
601398 601998 1090
601998 601398 1090
601318 601668 3827
601668 601318 3827
601155 601169 46
601169 601155 46
601169 601318 213
601318 601169 213
601169 000001 403
000001 601169 403
601166 300017 47
300017 601166 47
601318 300017 531
300017 601318 531
000001 300017 64
300017 000001 64
601668 300033 122
300033 601668 122
601668 300059 166
300059 601668 166
601668 300408 20
300408 601668 20
000001 300408 15
300408 000001 15
300033 300408 21
300408 300033 21
300059 300408 73
300408 300059 73
600487 601155 715
601155 600487 715
600487 002027 431
002027 600487 431
601155 002027 739
002027 601155 739
000001 002027 426
002027 000001 426
600177 600340 72
600340 600177 72
600177 601668 536
601668 600177 536
600177 000001 203
000001 600177 203
600340 601668 1069
601668 600340 1069
601166 002925 21
002925 601166 21
000001 002925 13
002925 000001 13
600340 601166 979
601166 600340 979
600340 000625 128
000625 600340 128
601166 000625 468
000625 601166 468
601318 002736 179
002736 601318 179
601336 002736 44
002736 601336 44
601601 002736 42
002736 601601 42
000001 002736 62
002736 000001 62
600352 000001 100
000001 600352 100
000001 002230 198
002230 000001 198
000001 002352 38
002352 000001 38
002230 002352 101
002352 002230 101
600004 600177 63
600177 600004 63
601166 002241 43
002241 601166 43
000001 002241 17
002241 000001 17
600000 601166 4363
601166 600000 4363
601166 601988 2031
601988 601166 2031
600741 000963 23
000963 600741 23
600741 002294 28
002294 600741 28
601318 000963 1170
000963 601318 1170
601318 002294 965
002294 601318 965
000001 000963 66
000963 000001 66
000001 002294 347
002294 000001 347
000963 002294 1850
002294 000963 1850
603799 000001 31
000001 603799 31
600048 600115 28
600115 600048 28
600115 000001 25
000001 600115 25
600085 000001 96
000001 600085 96
600085 000423 3281
000423 600085 3281
601899 601939 146
601939 601899 146
000001 300024 270
300024 000001 270
601857 002230 110
002230 601857 110
600016 601377 44
601377 600016 44
601377 000001 67
000001 601377 67
600036 600188 313
600188 600036 313
000651 002415 6411
002415 000651 6411
600036 600837 311
600837 600036 311
600036 601555 75
601555 600036 75
600837 601555 385
601555 600837 385
600837 601988 141
601988 600837 141
600837 000001 206
000001 600837 206
601555 601988 36
601988 601555 36
601555 000001 54
000001 601555 54
600196 600519 1322
600519 600196 1322
600516 601398 206
601398 600516 206
600109 601901 77
601901 600109 77
600109 000001 68
000001 600109 68
600109 002024 38
002024 600109 38
601901 000001 96
000001 601901 96
601901 002024 15
002024 601901 15
000001 002024 182
002024 000001 182
601009 601939 827
601939 601009 827
601009 601997 1022
601997 601009 1022
601009 000338 69
000338 601009 69
601939 601997 235
601997 601939 235
601939 000338 107
000338 601939 107
601997 000001 333
000001 601997 333
601997 000338 24
000338 601997 24
600000 002142 461
002142 600000 461
600015 601166 750
601166 600015 750
601336 000651 583
000651 601336 583
600016 002142 517
002142 600016 517
601318 000423 4527
000423 601318 4527
601988 000423 91
000423 601988 91
601398 601601 489
601601 601398 489
601398 601628 786
601628 601398 786
600016 601288 2453
601288 600016 2453
601288 601398 8669
601398 601288 8669
601939 002142 891
002142 601939 891
601766 002797 41
002797 601766 41
000001 002797 26
002797 000001 26
601166 002142 1372
002142 601166 1372
601601 601939 551
601939 601601 551
600016 601229 520
601229 600016 520
601229 000001 602
000001 601229 602
600177 000776 155
000776 600177 155
600340 000776 82
000776 600340 82
600837 601939 85
601939 600837 85
600048 600660 205
600660 600048 205
600188 600340 152
600340 600188 152
600188 600519 412
600519 600188 412
600188 600690 46
600690 600188 46
600340 600519 1000
600519 600340 1000
600340 600690 74
600690 600340 74
600519 600690 736
600690 600519 736
600690 000001 114
000001 600690 114
601336 300033 76
300033 601336 76
601601 300033 54
300033 601601 54
600016 601998 1591
601998 600016 1591
601009 601988 401
601988 601009 401
601988 601997 113
601997 601988 113
600028 300033 88
300033 600028 88
600383 300033 29
300033 600383 29
601166 601288 4211
601288 601166 4211
600000 600104 104
600104 600000 104
600000 601688 63
601688 600000 63
600000 000651 479
000651 600000 479
600104 601688 125
601688 600104 125
600104 000001 143
000001 600104 143
600104 000651 2506
000651 600104 2506
601688 000651 490
000651 601688 490
600048 600519 1373
600519 600048 1373
000001 000783 60
000783 000001 60
600196 300003 1075
300003 600196 1075
600196 300015 728
300015 600196 728
000001 300003 65
300003 000001 65
000001 300015 81
300015 000001 81
300003 300015 1749
300015 300003 1749
600383 600519 170
600519 600383 170
600383 002304 19
002304 600383 19
600519 002304 12471
002304 600519 12471
601318 002304 2045
002304 601318 2045
000001 002304 417
002304 000001 417
600276 600887 1870
600887 600276 1870
601155 000333 369
000333 601155 369
000333 000651 36579
000651 000333 36579
600000 600016 2913
600016 600000 2913
600519 600585 2024
600585 600519 2024
600519 000725 1444
000725 600519 1444
600585 000725 154
000725 600585 154
600926 601229 452
601229 600926 452
600926 601997 117
601997 600926 117
601229 601997 247
601997 601229 247
600036 002415 1340
002415 600036 1340
002142 002415 151
002415 002142 151
600340 600886 113
600886 600340 113
600340 000961 993
000961 600340 993
600886 000961 71
000961 600886 71
600886 601601 30
601601 600886 30
600048 600887 438
600887 600048 438
600028 600519 1054
600519 600028 1054
600028 601111 143
601111 600028 143
600028 601328 141
601328 600028 141
600519 601111 190
601111 600519 190
600519 601328 221
601328 600519 221
601111 601328 39
601328 601111 39
601111 000001 92
000001 601111 92
601328 000001 1010
000001 601328 1010
601828 000001 25
000001 601828 25
600900 601318 2185
601318 600900 2185
600900 601939 461
601939 600900 461
600900 000538 326
000538 600900 326
601318 000538 1645
000538 601318 1645
601939 000538 159
000538 601939 159
000001 000538 185
000538 000001 185
000001 300144 57
300144 000001 57
600519 002230 1085
002230 600519 1085
000725 002230 846
002230 000725 846
600519 601088 896
601088 600519 896
600660 601318 2509
601318 600660 2509
600660 601998 16
601998 600660 16
600660 000568 202
000568 600660 202
601318 000568 2075
000568 601318 2075
601998 000568 19
000568 601998 19
000001 000568 254
000568 000001 254
600000 601939 1135
601939 600000 1135
600036 600383 423
600383 600036 423
600383 601166 368
601166 600383 368
600030 600340 348
600340 600030 348
600030 600886 707
600886 600030 707
600030 300072 86
300072 600030 86
600340 300072 379
300072 600340 379
600036 601818 1787
601818 600036 1787
601668 601818 33
601818 601668 33
601021 000001 25
000001 601021 25
601668 000651 1885
000651 601668 1885
601006 601088 574
601088 601006 574
601006 601166 416
601166 601006 416
601006 601318 346
601318 601006 346
601006 000001 93
000001 601006 93
601088 601166 321
601166 601088 321
600104 601166 1597
601166 600104 1597
600104 002304 199
002304 600104 199
601166 002304 310
002304 601166 310
000651 002304 2092
002304 000651 2092
600340 002925 32
002925 600340 32
000961 002925 26
002925 000961 26
000333 002008 1300
002008 000333 1300
000333 002304 798
002304 000333 798
002008 002304 148
002304 002008 148
002008 002415 1258
002415 002008 1258
002304 002415 722
002415 002304 722
601006 601607 21
601607 601006 21
000671 000961 3511
000961 000671 3511
600028 601166 281
601166 600028 281
600028 601939 436
601939 600028 436
600383 600606 1269
600606 600383 1269
600383 002493 24
002493 600383 24
600606 002493 8
002493 600606 8
000001 002493 15
002493 000001 15
600016 600570 42
600570 600016 42
600570 000001 144
000001 600570 144
600036 601328 1768
601328 600036 1768
600036 000157 68
000157 600036 68
601166 601328 1392
601328 601166 1392
601166 000157 31
000157 601166 31
601328 000157 67
000157 601328 67
600030 000776 2408
000776 600030 2408
601318 002027 5791
002027 601318 5791
600309 600340 499
600340 600309 499
600309 600886 62
600886 600309 62
600309 601166 331
601166 600309 331
600309 000001 246
000001 600309 246
600015 600036 695
600036 600015 695
600025 002230 24
002230 600025 24
601766 002027 83
002027 601766 83
601766 300251 61
300251 601766 61
002027 300251 631
300251 002027 631
601229 000100 68
000100 601229 68
000001 000100 22
000100 000001 22
000651 002230 1241
002230 000651 1241
002230 002415 1556
002415 002230 1556
601318 300024 1193
300024 601318 1193
600588 000001 122
000001 600588 122
600029 600340 57
600340 600029 57
601939 001979 152
001979 601939 152
000001 001979 243
001979 000001 243
600027 601169 63
601169 600027 63
600027 601939 62
601939 600027 62
601169 601939 421
601939 601169 421
601288 000538 71
000538 601288 71
601288 000627 6
000627 601288 6
000001 000627 30
000627 000001 30
000538 000627 26
000627 000538 26
600016 600519 930
600519 600016 930
600036 600519 17853
600519 600036 17853
600036 601229 1132
601229 600036 1132
601229 601398 422
601398 601229 422
601229 601939 456
601939 601229 456
601336 002594 212
002594 601336 212
600036 600516 253
600516 600036 253
601318 002508 1489
002508 601318 1489
000001 002508 175
002508 000001 175
000651 002508 5555
002508 000651 5555
600886 601318 629
601318 600886 629
600886 000963 5
000963 600886 5
601166 000963 146
000963 601166 146
601318 000725 2995
000725 601318 2995
000651 000725 2218
000725 000651 2218
600000 601998 779
601998 600000 779
000783 300024 70
300024 000783 70
600340 601006 69
601006 600340 69
600362 601318 138
601318 600362 138
600362 000001 21
000001 600362 21
600029 601318 510
601318 600029 510
600029 000651 206
000651 600029 206
600029 002594 122
002594 600029 122
601318 002594 3102
002594 601318 3102
000651 002594 3098
002594 000651 3098
600519 601211 439
601211 600519 439
000001 002081 43
002081 000001 43
000333 002081 25
002081 000333 25
600177 601166 602
601166 600177 602
600015 601328 518
601328 600015 518
601155 601211 103
601211 601155 103
600029 601988 66
601988 600029 66
600196 601933 122
601933 600196 122
600196 000651 2331
000651 600196 2331
601318 601933 749
601933 601318 749
601933 000001 70
000001 601933 70
601933 000651 564
000651 601933 564
600036 601009 2847
601009 600036 2847
601009 601166 2775
601166 601009 2775
601318 300015 1908
300015 601318 1908
600271 601318 170
601318 600271 170
600271 000001 23
000001 600271 23
600519 000625 289
000625 600519 289
600958 000001 25
000001 600958 25
600958 000783 42
000783 600958 42
601607 000961 35
000961 601607 35
601108 601398 85
601398 601108 85
601108 601901 129
601901 601108 129
601108 000001 64
000001 601108 64
601108 000166 151
000166 601108 151
601398 601901 146
601901 601398 146
601398 000166 191
000166 601398 191
601901 000166 153
000166 601901 153
601009 002142 2014
002142 601009 2014
601318 002142 900
002142 601318 900
601998 002142 560
002142 601998 560
600977 000001 24
000001 600977 24
601288 601998 846
601998 601288 846
600309 000333 1413
000333 600309 1413
601288 002142 593
002142 601288 593
600036 600340 1364
600340 600036 1364
600030 600036 3236
600036 600030 3236
600030 601398 1218
601398 600030 1218
600690 601318 767
601318 600690 767
600690 000651 7889
000651 600690 7889
600016 600104 246
600104 600016 246
000063 000651 3302
000651 000063 3302
601318 603799 529
603799 601318 529
600028 601006 315
601006 600028 315
600519 601601 529
601601 600519 529
600519 601998 121
601998 600519 121
601601 601998 237
601998 601601 237
600036 600196 656
600196 600036 656
600015 600016 1001
600016 600015 1001
600036 601888 978
601888 600036 978
600028 600887 125
600887 600028 125
600028 000651 650
000651 600028 650
600519 600887 6587
600887 600519 6587
600887 000651 8703
000651 600887 8703
601888 000895 82
000895 601888 82
601988 000063 158
000063 601988 158
601318 000627 248
000627 601318 248
601318 000776 623
000776 601318 623
601939 000776 82
000776 601939 82
600816 601318 549
601318 600816 549
600816 601933 51
601933 600816 51
600816 000001 64
000001 600816 64
600816 000333 81
000333 600816 81
601933 000333 391
000333 601933 391
600048 000651 2389
000651 600048 2389
600015 601336 57
601336 600015 57
600015 601988 332
601988 600015 332
601328 601336 126
601336 601328 126
601328 601988 2251
601988 601328 2251
601336 601988 194
601988 601336 194
600015 601318 180
601318 600015 180
600015 601398 285
601398 600015 285
601328 601398 1683
601398 601328 1683
601398 601988 6223
601988 601398 6223
600332 601318 1402
601318 600332 1402
600332 601607 1088
601607 600332 1088
600332 000001 118
000001 600332 118
600332 002294 306
002294 600332 306
601318 601607 479
601607 601318 479
601607 002294 399
002294 601607 399
600487 601318 2351
601318 600487 2351
600487 000651 913
000651 600487 913
600048 600516 434
600516 600048 434
600048 002460 171
002460 600048 171
600516 002460 820
002460 600516 820
601318 002460 642
002460 601318 642
000001 002460 48
002460 000001 48
600196 601601 257
601601 600196 257
600519 002460 534
002460 600519 534
600519 002466 607
002466 600519 607
601318 002466 770
002466 601318 770
000001 002466 49
002466 000001 49
002460 002466 13256
002466 002460 13256
601288 601328 2103
601328 601288 2103
600048 001979 3664
001979 600048 3664
600383 001979 1213
001979 600383 1213
600004 600900 353
600900 600004 353
603799 002460 5363
002460 603799 5363
600516 601336 86
601336 600516 86
601336 002460 32
002460 601336 32
601155 002146 1086
002146 601155 1086
601155 002714 145
002714 601155 145
601318 002146 132
002146 601318 132
601318 002714 411
002714 601318 411
000001 002146 112
002146 000001 112
002146 002714 64
002714 002146 64
600048 601336 230
601336 600048 230
600048 300142 32
300142 600048 32
601336 300142 10
300142 601336 10
000001 300142 26
300142 000001 26
600887 002714 89
002714 600887 89
600028 600048 350
600048 600028 350
600487 000063 2618
000063 600487 2618
600487 002230 227
002230 600487 227
600487 002466 299
002466 600487 299
000063 002230 1257
002230 000063 1257
000063 002466 171
002466 000063 171
002230 002466 218
002466 002230 218
600028 600760 7
600760 600028 7
600028 002460 56
002460 600028 56
600760 601318 92
601318 600760 92
600760 000001 19
000001 600760 19
600760 002460 43
002460 600760 43
600036 600637 16
600637 600036 16
600637 601318 62
601318 600637 62
600637 000001 22
000001 600637 22
600637 000776 8
000776 600637 8
600519 600958 318
600958 600519 318
600519 000783 111
000783 600519 111
600048 002032 26
002032 600048 26
600048 300024 172
300024 600048 172
601318 002032 170
002032 601318 170
000001 002032 35
002032 000001 35
002032 300024 173
300024 002032 173
600516 000725 550
000725 600516 550
601808 000001 22
000001 601808 22
601808 000895 18
000895 601808 18
600516 601155 435
601155 600516 435
600516 601668 178
601668 600516 178
600516 002146 56
002146 600516 56
601155 601668 309
601668 601155 309
601668 002146 106
002146 601668 106
000001 300070 41
300070 000001 41
600104 600115 31
600115 600104 31
600104 600522 33
600522 600104 33
600104 600690 230
600690 600104 230
600115 600522 9
600522 600115 9
600115 600690 39
600690 600115 39
600522 600690 17
600690 600522 17
600522 000001 21
000001 600522 21
600036 300142 20
300142 600036 20
601318 300142 93
300142 601318 93
000651 300142 98
300142 000651 98
600048 601633 88
601633 600048 88
600048 601939 1071
601939 600048 1071
600048 000961 2010
000961 600048 2010
601633 601939 201
601939 601633 201
601633 000961 19
000961 601633 19
601939 000961 69
000961 601939 69
600048 002142 56
002142 600048 56
600000 600837 241
600837 600000 241
600000 000783 36
000783 600000 36
600837 601688 1802
601688 600837 1802
600837 000783 244
000783 600837 244
601688 000783 187
000783 601688 187
601398 002142 575
002142 601398 575
600887 601166 441
601166 600887 441
601166 000063 257
000063 601166 257
000063 000961 45
000961 000063 45
601318 601328 860
601328 601318 860
600340 000725 212
000725 600340 212
600340 002230 253
002230 600340 253
000001 000069 2
000069 000001 2
601166 000776 282
000776 601166 282
000333 000568 636
000568 000333 636
000568 000651 2142
000651 000568 2142
000568 002304 7129
002304 000568 7129
601933 000063 139
000063 601933 139
600606 002230 137
002230 600606 137
600585 601939 363
601939 600585 363
600276 601933 203
601933 600276 203
600276 000063 841
000063 600276 841
000671 002146 882
002146 000671 882
600025 001965 76
001965 600025 76
000001 001965 10
001965 000001 10
601229 601318 238
601318 601229 238
600016 601328 1255
601328 600016 1255
601328 601601 67
601601 601328 67
600016 601988 1592
601988 600016 1592
601166 601633 339
601633 601166 339
601166 000333 895
000333 601166 895
601633 000333 203
000333 601633 203
600519 600606 246
600606 600519 246
600519 600703 351
600703 600519 351
600606 600703 36
600703 600606 36
600703 000001 75
000001 600703 75
000001 000786 36
000786 000001 36
600016 601997 203
601997 600016 203
601009 601601 84
601601 601009 84
601009 002241 52
002241 601009 52
601601 002241 12
002241 601601 12
600036 600926 218
600926 600036 218
600926 601009 343
601009 600926 343
600926 601398 120
601398 600926 120
601009 601398 759
601398 601009 759
600688 601009 12
601009 600688 12
600688 000001 4
000001 600688 4
601318 601377 285
601377 601318 285
601288 601988 4822
601988 601288 4822
600340 601688 119
601688 600340 119
600340 601939 270
601939 600340 270
601688 601939 121
601939 601688 121
601012 000001 89
000001 601012 89
601012 000961 48
000961 601012 48
000001 000425 39
000425 000001 39
600016 601009 692
601009 600016 692
601009 601288 759
601288 601009 759
600031 601186 160
601186 600031 160
600031 601318 402
601318 600031 402
600031 000063 161
000063 600031 161
601186 601318 602
601318 601186 602
601186 000001 156
000001 601186 156
601186 000063 245
000063 601186 245
600030 601166 2240
601166 600030 2240
600016 600362 27
600362 600016 27
600036 600362 59
600362 600036 59
600016 000776 191
000776 600016 191
600030 000651 2279
000651 600030 2279
600030 002311 24
002311 600030 24
000001 002311 10
002311 000001 10
000651 002311 38
002311 000651 38
600030 601111 127
601111 600030 127
600030 000063 843
000063 600030 843
601111 000063 131
000063 601111 131
600519 600837 398
600837 600519 398
600837 601318 884
601318 600837 884
600036 601628 706
601628 600036 706
600036 601155 1172
601155 600036 1172
601288 601939 8247
601939 601288 8247
601328 601939 1978
601939 601328 1978
000063 002027 312
002027 000063 312
600030 601009 202
601009 600030 202
600153 000001 161
000001 600153 161
600048 601668 1229
601668 600048 1229
600000 000423 73
000423 600000 73
601166 601169 874
601169 601166 874
601169 601288 206
601288 601169 206
000671 001979 1006
001979 000671 1006
000961 001979 384
001979 000961 384
601088 000651 1445
000651 601088 1445
601088 601398 672
601398 601088 672
601088 601668 606
601668 601088 606
601398 601668 1170
601668 601398 1170
601398 601766 230
601766 601398 230
601668 601766 1048
601766 601668 1048
601668 601939 831
601939 601668 831
601668 300017 60
300017 601668 60
601939 300017 40
300017 601939 40
600000 601336 51
601336 600000 51
601318 601838 209
601838 601318 209
601838 000001 386
000001 601838 386
600000 601601 95
601601 600000 95
600004 600016 121
600016 600004 121
600016 600886 386
600886 600016 386
601398 000568 157
000568 601398 157
600016 601169 588
601169 600016 588
600016 601818 939
601818 600016 939
601169 601818 172
601818 601169 172
600025 600030 28
600030 600025 28
600025 601668 21
601668 600025 21
600030 601668 602
601668 600030 602
000001 300296 80
300296 000001 80
002310 300296 2092
300296 002310 2092
600000 000725 77
000725 600000 77
600036 601838 420
601838 600036 420
601166 601336 326
601336 601166 326
601336 601668 143
601668 601336 143
601939 000651 2036
000651 601939 2036
601998 000651 153
000651 601998 153
600887 601328 48
601328 600887 48
600887 601988 73
601988 600887 73
600028 600036 783
600036 600028 783
600028 600926 11
600926 600028 11
600585 603799 267
603799 600585 267
002594 300024 1018
300024 002594 1018
600036 601857 687
601857 600036 687
600208 000001 18
000001 600208 18
600339 600522 13
600522 600339 13
600339 000001 37
000001 600339 37
600339 002252 5
002252 600339 5
600339 002415 22
002415 600339 22
600522 002252 10
002252 600522 10
600522 002415 31
002415 600522 31
600016 601688 99
601688 600016 99
601166 601688 278
601688 601166 278
600036 601788 147
601788 600036 147
601788 000001 57
000001 601788 57
601788 300059 178
300059 601788 178
600048 600487 101
600487 600048 101
600048 000786 104
000786 600048 104
600487 000786 701
000786 600487 701
601318 000786 804
000786 601318 804
600000 601398 1008
601398 600000 1008
600547 601318 459
601318 600547 459
600547 000001 25
000001 600547 25
600547 000725 62
000725 600547 62
600547 002230 82
002230 600547 82
601318 002230 1839
002230 601318 1839
600436 601166 125
601166 600436 125
600436 601318 1407
601318 600436 1407
600436 000001 105
000001 600436 105
600029 600030 161
600030 600029 161
600019 601398 428
601398 600019 428
600019 000001 129
000001 600019 129
600019 000783 24
000783 600019 24
600019 300024 62
300024 600019 62
601398 000783 48
000783 601398 48
601398 300024 324
300024 601398 324
601398 601997 158
601997 601398 158
601939 300024 334
300024 601939 334
601997 300024 24
300024 601997 24
600000 600015 303
600015 600000 303
600104 601318 2554
601318 600104 2554
600000 601838 77
601838 600000 77
601398 601838 207
601838 601398 207
601333 000001 26
000001 601333 26
601009 601169 534
601169 601009 534
601169 002142 329
002142 601169 329
601766 300024 312
300024 601766 312
601155 002310 626
002310 601155 626
600000 600196 15
600196 600000 15
600837 601155 126
601155 600837 126
600837 000671 43
000671 600837 43
600837 000961 23
000961 600837 23
601155 000671 7719
000671 601155 7719
601155 000961 2639
000961 601155 2639
601166 601229 759
601229 601166 759
601229 000157 55
000157 601229 55
601328 000671 103
000671 601328 103
601601 601988 172
601988 601601 172
601601 000671 46
000671 601601 46
601988 000671 85
000671 601988 85
600000 600886 54
600886 600000 54
600000 300072 28
300072 600000 28
601009 601818 215
601818 601009 215
601818 002142 202
002142 601818 202
600519 002508 1731
002508 600519 1731
601088 002508 62
002508 601088 62
600016 002736 34
002736 600016 34
601998 002736 26
002736 601998 26
601318 603288 1470
603288 601318 1470
603288 000001 56
000001 603288 56
601997 002142 526
002142 601997 526
601318 002008 1136
002008 601318 1136
601668 002008 58
002008 601668 58
600000 300251 115
300251 600000 115
601166 300033 179
300033 601166 179
601988 300033 77
300033 601988 77
600036 000338 663
000338 600036 663
600036 300024 443
300024 600036 443
000338 000651 727
000651 000338 727
000338 300024 54
300024 000338 54
000651 300024 3009
300024 000651 3009
600000 600436 22
600436 600000 22
600436 601988 29
601988 600436 29
600436 002142 18
002142 600436 18
601988 002142 326
002142 601988 326
601668 000063 273
000063 601668 273
600036 601668 1457
601668 600036 1457
600028 601336 181
601336 600028 181
600028 000725 100
000725 600028 100
601336 000725 495
000725 601336 495
000725 300033 231
300033 000725 231
000001 300124 20
300124 000001 20
601166 300024 197
300024 601166 197
600030 601006 183
601006 600030 183
000063 002142 55
002142 000063 55
600926 601288 28
601288 600926 28
600016 601212 9
601212 600016 9
600036 601212 13
601212 600036 13
601212 000001 9
000001 601212 9
600177 600886 189
600886 600177 189
000625 000651 533
000651 000625 533
000651 002050 297
002050 000651 297
002050 002415 235
002415 002050 235
601988 001979 77
001979 601988 77
600048 600741 116
600741 600048 116
600048 002202 13
002202 600048 13
600741 002202 10
002202 600741 10
000001 002202 36
002202 000001 36
600048 600570 192
600570 600048 192
600570 000961 25
000961 600570 25
600900 601166 824
601166 600900 824
600900 601398 483
601398 600900 483
600886 601398 58
601398 600886 58
600886 601939 83
601939 600886 83
600050 600637 105
600637 600050 105
600050 000651 589
000651 600050 589
600050 002008 68
002008 600050 68
600637 000651 43
000651 600637 43
600637 002008 9
002008 600637 9
000651 002008 1234
002008 000651 1234
600048 601828 59
601828 600048 59
002050 002236 71
002236 002050 71
600036 600566 115
600566 600036 115
600487 600566 112
600566 600487 112
600566 000001 12
000001 600566 12
600566 002008 66
002008 600566 66
600000 601888 27
601888 600000 27
601998 000333 39
000333 601998 39
600383 000725 51
000725 600383 51
600383 002146 766
002146 600383 766
000725 002146 27
002146 000725 27
600036 601828 79
601828 600036 79
601328 601828 6
601828 601328 6
601828 601939 60
601939 601828 60
601601 000898 30
000898 601601 30
000001 000898 21
000898 000001 21
600048 300059 492
300059 600048 492
600028 601390 208
601390 600028 208
600036 601390 78
601390 600036 78
601390 000001 23
000001 601390 23
600188 601899 796
601899 600188 796
600340 000333 341
000333 600340 341
000333 000776 89
000776 000333 89
600019 000333 229
000333 600019 229
600019 000651 1067
000651 600019 1067
600019 002008 67
002008 600019 67
000333 001979 180
001979 000333 180
000333 300059 635
300059 000333 635
001979 002415 69
002415 001979 69
001979 300059 153
300059 001979 153
002415 300059 537
300059 002415 537
600837 601328 132
601328 600837 132
600837 601398 136
601398 600837 136
600837 000776 735
000776 600837 735
601328 000776 53
000776 601328 53
601398 000776 99
000776 601398 99
600276 601166 643
601166 600276 643
600276 601939 1304
601939 600276 1304
600004 601939 619
601939 600004 619
600004 000651 618
000651 600004 618
600886 000651 263
000651 600886 263
600036 600104 1747
600104 600036 1747
600208 000961 21
000961 600208 21
600009 000001 74
000001 600009 74
600048 600977 33
600977 600048 33
600048 300251 186
300251 600048 186
600977 300059 107
300059 600977 107
600977 300251 2478
300251 600977 2478
300059 300251 1618
300251 300059 1618
601288 601318 5696
601318 601288 5696
600104 601328 116
601328 600104 116
600519 300017 455
300017 600519 455
601009 601111 84
601111 601009 84
601111 601288 78
601288 601111 78
601111 601939 95
601939 601111 95
600000 000671 74
000671 600000 74
601288 000776 151
000776 601288 151
600519 000333 9083
000333 600519 9083
600519 300024 679
300024 600519 679
000333 300024 2697
300024 000333 2697
601088 000983 954
000983 601088 954
601088 002594 173
002594 601088 173
000001 000983 26
000983 000001 26
000983 002594 19
002594 000983 19
600900 601288 586
601288 600900 586
600000 601818 572
601818 600000 572
601818 601939 600
601939 601818 600
601009 601318 1171
601318 601009 1171
600519 300033 1204
300033 600519 1204
600519 300059 2028
300059 600519 2028
000651 300033 1216
300033 000651 1216
000651 300059 1980
300059 000651 1980
600585 600606 75
600606 600585 75
601229 601288 402
601288 601229 402
600048 600066 31
600066 600048 31
600066 000651 483
000651 600066 483
601288 002736 46
002736 601288 46
601939 002230 99
002230 601939 99
600340 600487 307
600487 600340 307
600340 601336 158
601336 600340 158
600487 601166 139
601166 600487 139
600487 601336 104
601336 600487 104
600398 000001 40
000001 600398 40
600398 000725 22
000725 600398 22
601328 601998 968
601998 601328 968
600000 601788 28
601788 600000 28
601788 601988 70
601988 601788 70
600036 600176 79
600176 600036 79
600036 600703 168
600703 600036 168
600176 600703 103
600703 600176 103
600176 601939 40
601939 600176 40
600703 601939 39
601939 600703 39
601288 601818 603
601818 601288 603
601169 601398 305
601398 601169 305
601169 601988 389
601988 601169 389
000725 002241 151
002241 000725 151
000538 002304 258
002304 000538 258
600036 601997 496
601997 600036 496
601006 601211 36
601211 601006 36
601211 601318 777
601318 601211 777
600023 600383 11
600383 600023 11
600023 000001 12
000001 600023 12
600023 300072 6
300072 600023 6
600023 300251 14
300251 600023 14
600383 300072 22
300072 600383 22
600383 300251 28
300251 600383 28
300072 300251 128
300251 300072 128
600919 601166 468
601166 600919 468
600919 601288 92
601288 600919 92
600919 000001 290
000001 600919 290
600036 600919 483
600919 600036 483
600926 300136 12
300136 600926 12
000001 300136 38
300136 000001 38
601211 000166 594
000166 601211 594
600177 601318 1361
601318 600177 1361
600030 601688 6869
601688 600030 6869
600030 000983 61
000983 600030 61
600030 002142 422
002142 600030 422
601688 000983 7
000983 601688 7
601688 002142 44
002142 601688 44
000983 002142 10
002142 000983 10
600516 601933 140
601933 600516 140
600516 000063 424
000063 600516 424
600585 000338 411
000338 600585 411
600585 000786 972
000786 600585 972
000338 000786 26
000786 000338 26
600177 300072 9
300072 600177 9
600398 002146 33
002146 600398 33
600398 300017 43
300017 600398 43
002146 300017 27
300017 002146 27
600837 601288 80
601288 600837 80
600015 600027 11
600027 600015 11
600015 601169 309
601169 600015 309
600015 601939 352
601939 600015 352
600030 601939 1048
601939 600030 1048
600066 002032 38
002032 600066 38
601288 601628 198
601628 601288 198
601628 601939 474
601939 601628 474
600000 601009 354
601009 600000 354
601166 000671 302
000671 601166 302
601318 300136 701
300136 601318 701
601336 601766 125
601766 601336 125
601336 300136 26
300136 601336 26
601766 300136 78
300136 601766 78
